concept,prop_s,label,prob,prob_control
